|1|7|9|4|0|9|1505352525u505_5a535252
|1|7|9|4|0|9|1505253545u505_5a525354
|1|7|9|4|0|9|1505252555u505_5a525255
|1|7|9|4|0|9|1505458555u505_5a545855
|1|7|9|4|0|9|1505754535u505_5a575453
|1|7|9|4|0|9|1505058515u505_5a5851
|1|7|9|4|0|9|1505259535u505_5a525953
|1|7|9|4|0|9|1505259535u505_5a525953
|1|7|9|4|0|9|1505057535u505_5a5753
|1|7|9|4|0|9|1505058515u505_5a5851
|1|7|9|4|0|9|1505457565u505_5a545756
|1|7|9|4|0|9|1505552595u505_5a555259 xarif
|1|7|9|4|0|9|1505354535u505_5a535453
|1|7|9|4|0|9|1505358595u505_5a535859 Devil-King
|1|7|9|4|0|9|1505550565u505_5a555056
|1|7|9|4|0|9|1505352505u505_5a535250
|1|7|9|4|0|9|1505254545u505_5a525454
|1|7|9|4|0|9|1505255545u505_5a525554
|1|7|9|4|0|9|1505554585u505_5a555458
|1|7|9|4|0|9|1505953545u505_5a595354
|1|7|9|4|0|9|1505256535u505_5a525653
|1|7|9|4|0|9|1505359545u505_5a535954
|1|7|9|4|0|9|1505657575u505_5a565757
|1|7|9|4|0|9|1505454505u505_5a545450
|1|7|9|4|0|9|1505559565u505_5a555956       siam
